REMOTEXY_MODE__ESP8266WIFI_LIB_POINT
REMOTEXY_WIFI_SSID "RemoteXY"
REMOTEXY_WIFI_PASSWORD "12345678"
REMOTEXY_SERVER_PORT 6377
[255,0,0,8,0,119,0,19,0,0,
  0,0,31,1,106,200,1,1,4,0,
  71,21,17,61,61,56,0,2,24,75,
  0,0,0,0,0,0,72,66,0,0,
  32,65,0,0,32,65,0,0,0,64,
  24,68,101,103,67,0,71,15,97,70,
  70,56,0,2,24,75,0,0,160,65,
  0,0,160,66,0,0,32,65,0,0,
  32,65,0,0,0,64,24,37,82,72,
  0,129,11,71,83,12,64,17,84,69,
  77,80,69,82,65,84,85,82,69,0,
  129,26,172,56,12,64,17,72,85,77,
  73,68,73,84,89,0];
output float instrument_01; /* from 0 to 50 */
output float instrument_02; /* from 20 to 80 */